"http://ht.ly/Qjyc30l0UCf"
"http://www.keatsbar.com/p0dMuFG/"
"http://www.cr-mufg-jp.com/index.php/selected/id/index.html"
"http://beingthebestyoucanbe.nl/jap0n1aMuFG"
"http://ht.ly/uc7T30l6kb0"
"http://www.heartyit.com/systry/mufgcard/top.php"
"http://ppv.xxxurabi.com/osc/card/mufgcard/top.php"
"http://s020b321.c022jp7166.info/"
"http://www.heartyit.com/systry/jcb/"
"http://m005b377.f007jp8266.info"
"http://m005b377.f002jp4261.info"
"http://m020c005.k012jp1114.info"
"http://m005b366.k040jp2762.info"
"http://m050b111.c047jp8627.info"
"http://m010c266.u014jp0969.info"
"http://m005b366.u003jp8382.info/"
"http://m005b361.f141jp5510.info"
"http://m050c003.k010jp2891.info"
"http://m010c266.k010jp2891.info"
"http://m005c130.c022jp7166.info/"
"http://m030c100.f011jp7260.info"
"http://m030c008.u003jp8382.info"
"http://m030b385.c001jp8984.info"
"http://m030c031.k040jp2762.info"
"http://m050b111.c001jp8984.info"
"http://m050c298.f007jp8266.info"
"http://m005c221.k004jp4004.info"
"http://sprechmanlaw.com/600.html"
"http://www.sprechmanlaw.com/mkdir/MUFG/"
"http://m005b383.f011jp7260.info/"
"https://www.mufg-jp.online/selected/id"
"http://m005b383.f011jp7260.info"
"http://m150b339.c047jp8627.info/"
"http://ht.ly/H3SZ30l6jE8"
"http://host17.server.ae/~appmyidn/MUFG/"
"https://host17.server.ae/~appmyidn/MUFG/"
"http://re2.96.lt/lp/"
"http://www.myjcbcard.com/"
"http://www.myjcbcard.com/"
"http://ht.ly/iOwW30l6o9x"
"http://williamaza.tripod.com//Alpha-kreditkarten-daten/index/index.htm"
"http://erickzem4.tripod.com/Internett/"
"http://ht.ly/yJHA30lbHBX"
"http://www.mufg-webcard.top/RegistUser/cojp_head_myj_toroku"
"http://www.cr-mufg--jp-card.xyz/RegistUser/cojp_head_myj_toroku"
"http://www.cr-mufg-card-jp.club/selected/id"
"http://www.mufg-sign.site/selected/id"
"https://auth-secured-ssl-japan.northgatesupply.com/index_pc.php"
"http://www.cr-mufg--jp--card.club/RegistUser/cojp_head_myj_toroku"
"http://myjbcb.com/email_categoryID.php?set=564C430EF6168C3EF7FBEC1F6104"
"http://c4.pe.hu"
"http://www.mufg-web.link/selected/id/"
"http://www.mufg-web.pro/selected/id/"
"http://www.cr-mufg--jp-card.xyz/selected/id"
"http://www.cr-mufgcard-japan.club/RegistUser/cojp_head_myj_toroku"
"http://www.cr-mufgcard-japan.top/selected/id"
"http://www.cr-mufgcard-japan.top/RegistUser/cojp_head_myj_toroku"
"http://www.cr.mufj.co/select/id.php?session"
"http://cr-mufg-card-jp.info/selected/id"
"http://cr-mufg-card-jp.info/selected/id"
"http://card-jp.store/selected/id"
"http://card-jp.store/selected/id"
"http://cr-mufg-card-jp.site/selected/id"
"http://cr-mufg-card-jp.site/selected/id"
"http://www.cr-mufg-jp--card.site/selected/id/"
"http://www.cr-mufg--card-jp.site/selected/id"
"http://www.cr-mufg--card-jp.top/selected/id/"
"http://www.cr-mufg--card-jp.shop/selected/id/"
"http://www.cr-mufg-card-jp.xyz/selected/id"
"http://www.cr-mufg--card-jp.shop/RegistUser/cojp_head_myj_toroku"
"http://www.cr-mufg-card-jp.top/selected/id"
"http://www.mufg-jp.red/RegistUser/cojp_head_myj_toroku"
"http://www.mufg-co-jp.top/RegistUser/cojp_head_myj_toroku"
"http://www.cr-mufg-jp.win/RegistUser/cojp_head_myj_toroku"
"http://www.mufg-jp.kim/RegistUser/cojp_head_myj_toroku"
"http://cr-mufg-card-jp.xyz/selected/id"
"http://www.cr-mufg-jp---card.top/RegistUser/cojp_head_myj_toroku"
"http://cr-mufg-card-jp.xyz/RegistUser/cojp_head_myj_toroku"
"http://cr-mufg-card--jp.site/selected/id"
"http://www.cr-mufg-jp---card.xyz/inet/life/ninsyou/entry/top"
"http://www.cr-mufg-jp---card.xyz/RegistUser/cojp_head_myj_toroku"
"http://www.cr-mufg-sign.club/inet/life/ninsyou/entry/top"
"http://cr-mufg-card--jp.site/RegistUser/cojp_head_myj_toroku"
"http://www.cr-mufg-sign.info/inet/life/ninsyou/entry/top"
"http://www.cr-mufg-sign.info/RegistUser/cojp_head_myj_toroku"
"http://www.cr-mufg-sign.xyz/inet/life/ninsyou/entry/top"
"http://www.cr-mufg-sign.xyz/RegistUser/cojp_head_myj_toroku"
"http://www.mufg-sign.info/selected/id"
"http://www.cr-mufg--jp--card.top/RegistUser/cojp_head_myj_toroku"
"http://www.mufg-web.club/selected/id"
"http://www.cr-mufg--jp--card.club/inet/life/ninsyou/entry/top"
"http://www.web-mufgcard.site/RegistUser/cojp_head_myj_toroku"
"http://mufg-jp.link/RegistUser/cojp_head_myj_toroku"
"http://www.cr-mufg--card-jp.club/RegistUser/cojp_head_myj_toroku"
"http://www.cr-mufg--card-jp.club/selected/id"
"http://www.cr-mufg-card-jp.shop/inet/life/ninsyou/entry/top"
"http://www.cr-mufg-card-jp.shop/RegistUser/cojp_head_myj_toroku"
"http://www.cr-mufg--card-jp.xyz/inet/life/ninsyou/entry/top"
"http://www.cr-mufg--card-jp.xyz/RegistUser/cojp_head_myj_toroku"
"http://www.cr-mufg-jp---card.top/inet/life/ninsyou/entry/top"
"http://www.cr-mufg-sign.club/RegistUser/cojp_head_myj_toroku"
"http://www.mufg-web.club/RegistUser/cojp_head_myj_toroku"
"http://www.web-mufgcard.site/selected/id"
"http://www.cr-mufg--jp--card.xyz/inet/life/ninsyou/entry/top"
"http://www.web-mufg-card.info/inet/life/ninsyou/entry/top"
"http://www.web-mufg-card.info/RegistUser/cojp_head_myj_toroku"
"http://www.cr-mufgcard-sign.info/inet/life/ninsyou/entry/top"
"http://www.mufg-web.top/inet/life/ninsyou/entry/top"
"http://www.mufg-sign.club/inet/life/ninsyou/entry/top"
"http://m005c130.c022jp7166.info"
"http://www.cr-mufgcard-sign.info/RegistUser/cojp_head_myj_toroku"
"http://m005c403.t19jp1438.info/"
"http://m020c116.f002jp4261.info"
"http://www.mufg-web.top/RegistUser/cojp_head_myj_toroku"
"http://mufgaward.com/"
"http://www.mufg-sign.club/RegistUser/cojp_head_myj_toroku"
"http://www.mufg-sign.top/RegistUser/cojp_head_myj_toroku"
"http://www.mufg-sign.pro/inet/life/ninsyou/entry/top"
"http://www.mufg-sign.ink/inet/life/ninsyou/entry/top"
"http://m005c339.t120jp5899.info/"
"http://www.mufg-sign.pro/RegistUser/cojp_head_myj_toroku"
"http://www.mufg-webcard.top/selected/id/"
"http://www.web-mufgcard-japan.club/selected/id"
"http://m015c051.f141jp5510.info"
"http://m005c403.t119jp1438.info"
"http://m020c001.k004jp4004.info"
"http://www.ur-mufg.xyz/selected/id"
"http://m010b311.t120jp5899.info/"
"http://m005b366.u014jp0969.info/"
"http://www.cr-mufg-jp.club/RegistUser/cojp_head_myj_toroku"
"http://www.cr-mufgcard-japan.xyz/RegistUser/cojp_head_myj_toroku"
"http://www.cr-mufg--jp-card.top/RegistUser/cojp_head_myj_toroku"
"http://118.193.222.30/selected/id"
"http://118.193.222.30/RegistUser/cojp_head_myj_toroku"
"http://www.mufg-sign.ink/RegistUser/cojp_head_myj_toroku"
"http://www.cr-mufg-card--jp.online/selected/id/"
"http://www.cr-mufg--jp--card.top/selected/id"
"http://www.cr-mufg-card--jp.online/RegistUser/cojp_head_myj_toroku"
"http://www.cr-mufg--jp-card.top/selected/id"
"http://www.cr-mufg-jp-card.top/selected/id"
"http://www.cr-mufg-jp-card.top/RegistUser/cojp_head_myj_toroku"
"http://www.cr-mufg--jp--card.top/inet/life/ninsyou/entry/top"
"http://www.mufg-jp.top/selected/id"
"http://mufg-jp.link/selected/id"
"http://www.mufg-jp.club/selected/id"
"http://www.cr-mufg--jp--card.xyz/RegistUser/cojp_head_myj_toroku"
"http://118.184.21.82/selected/id/"
"http://www.cr-mufg-jp--card.xyz/selected/id/"
"http://www.cr-mufg-jp--card.site/selected/id/"
"http://www.cr-mufg--jp-card.site/selected/id/"
"http://www.cr-mufg-jp-card.site/selected/id/"
"http://www.cr-mufg-jp-card.online/selected/id/"
"http://www.cr-mufg.link/selected/id/"
"http://118.184.21.82/selected/id/"
"http://www.ur-mufg.club/RegistUser/cojp_head_myj_toroku"
"http://www.cr-mufg-jp--card.xyz/selected/id/"
"http://www.mufg-co-jp.top/selected/id"
"http://www.mufg-sign.top/inet/life/ninsyou/entry/top"
"http://www.mufg-jp.club/RegistUser/cojp_head_myj_toroku"
"http://www.cr-mufg-card--jp.shttp/selected/id"
"http://www.mufg-sign.online/selected/id"
"http://www.mufg-jp.work/selected/id"
"http://www.cr-mufgcard-japan.xyz/selected/id"
"http://www.web-mufgcard-japan.xyz/selected/id"
"http://www.mufg-webcard.info/selected/id"
"http://www.cr-mufg-sign.pro/selected/id"
"http://www.cr-mufg-sign.top/selected/id"
"http://www.cr-mufg.top/RegistUser/cojp_head_myj_toroku"
"http://www.cr-mufg.website/RegistUser/cojp_head_myj_toroku"
"http://www.cr-mufg.club/RegistUser/cojp_head_myj_toroku"
"http://www.mufg.work/selected/id"
"http://cr-mufg-card-jp.site/selected/id"
"http://www.mufg-jp.top/RegistUser/cojp_head_myj_toroku"
"http://www.mufg-jp.info/RegistUser/cojp_head_myj_toroku"
"http://www.cr-mufg-card--jp.info/RegistUser/cojp_head_myj_toroku"
"http://www.cr-mufg-card--jp.xyz/selected/id"
"http://www.cr-mufg.link/RegistUser/cojp_head_myj_toroku"
"http://www.cr-mufg.online/RegistUser/cojp_head_myj_toroku"
"http://www.cr-mufg-card--jp.site/selected/id"
"http://www.cr-mufg-card--jp.shop/selected/id"
"http://www.mufg-jp.club/selected/id"
"http://www.cr-mufg-card--jp.info/selected/id"
"http://www.cr-mufg-card--jp.top/selected/id"
"http://www.cr-mufg.site/RegistUser/cojp_head_myj_toroku"
"http://www.ur-mufg.club/selected/id"
"http://www.cr-mufg-card--jp.top/RegistUser/cojp_head_myj_toroku"
"http://www.mufg-japan.pro/selected/id"
"http://www.cr-mufg-card-jp.online/selected/id"
"http://www.mufg-card-jp.site/selected/id"
"http://www.mufg-japan.work/selected/id"
"http://www.mufg-japan.club/selected/id"
"http://www.mufg-japan.work/RegistUser/cojp_head_myj_toroku"
"http://www.cr-mufg-jp.kim/selected/id"
"http://www.mufg-card-jp.club/selected/id"
"http://www.mufg-japan.pro/RegistUser/cojp_head_myj_toroku"
"http://www.mufg-japan.ink/RegistUser/cojp_head_myj_toroku"
"http://www.cr-mufgcard-sign.club/selected/id"
"http://www.cr-mufgcard-sign.top/selected/id/"
"http://www.mufg-japan.club/RegistUser/cojp_head_myj_toroku"
"http://www.ur-mufg.top/selected/id"
"http://www.mufg-jp.info/selected/id"
"http://www.mufg.pro/selected/id"
"http://www.cr-mufg.info/selected/id"
"http://www.cr-mufg-jp.bid/RegistUser/cojp_head_myj_toroku"
"http://www.mufg-jp.kim/selected/id "
"http://www.mufg-jp.work/selected/id"
"http://www.cr-mufg--jp-card.club/selected/id"
"http://www.cr-mufg-jp-card.club/selected/id"
"http://www.cr-mufg-jp.trade/RegistUser/cojp_head_myj_toroku"
"http://www.mufg-sign.xyz/selected/id "
"http://www.cr-mufg-jp--card.club/selected/id"
"http://www.cr-mufg-card--jp.shop/RegistUser/cojp_head_myj_toroku"
"http://www.mufg-japan.top/RegistUser/cojp_head_myj_toroku"
"http://ht.ly/uHA630lbMBp"
"http://ht.ly/nfMs30lbE0t"
"http://www.cr-mufg-jp-card.xyz/selected/id/"
"http://ht.ly/o73a30lbIhv"
"http://www.cr-mufgcard-japan.club/selected/id"
"http://www.mufg-web.link/RegistUser/cojp_head_myj_toroku"
"http://www.gunmagame.com/www_jcb_co_jp/"
"http://mufgv.com/"
"http://ht.ly/TLi230lbPZw"
"http://www.mufg-jp.red/selected/id"
"http://www.mufg-co-jp.top/selected/id"
"http://www.cr-mufg-jp.club/RegistUser/cojp_head_myj_toroku"
"http://www.web-mufg-card.club/selected/id"
"http://www.web-mufgcard.top/selected/id"
"http://cr-mufg-card-jp.online/selected/id"
"http://www.cr-mufg-card--jp.club/selected/id"
"http://www.cr-mufg-jp.com/RegistUser/cojp_head_myj_toroku/"
"http://www.cr-mufg-card--jp.xyz/RegistUser/cojp_head_myj_toroku"
"http://www.cr-mufg-card--jp.club/RegistUser/cojp_head_myj_toroku"
"http://www.mufg-japan.info/selected/id"
"http://www.mufg-japan.ink/selected/id"
"http://www.mufg-japan.top/selected/id"
"http://www.mufg-japan.info/RegistUser/cojp_head_myj_toroku"
"http://www.mufg-webcard.club/selected/id"
"http://www.cr-mufg-card-jp.shop/selected/id "
"http://198.12.88.178/~mfugc/MUFG/"
"http://198.12.88.178/~kekhosting/app/"
"http://www.web-mufgcard.club/selected/id"
"http://www.mufg-webcard.xyz/selected/id"
"http://www.cr-mufg-jp.top/RegistUser/cojp_head_myj_toroku"
"http://www.gunmagame.com/www_bk_mufg_jp/"
"http://ht.ly/7U8i30kAyr4"
"http://ht.ly/t0Jq30lbEoT"
"http://ht.ly/PO7W30lbGaV"
"http://sprechmanlaw.com/402.html"
"https://www.dummy-ufj.net/"
"http://owl.li/FR0t30kAH4q"
"http://cruftysite.com/blog/MUFG(1)/MUFG/366ecdbffa1984ba5acb8a83dcbedd97/"
"http://ht.ly/OWoC30lbF8M"
"http://ht.ly/Y3y230lbFtB"
"http://ht.ly/tGWN30lbPNY"
"http://ht.ly/utse30lbFPP"
"http://ht.ly/2qHy30lbJ7k"
"http://ht.ly/FftD30lbRu0"
"http://198.12.88.178/~pillz4uoutlook/index1.html"
"http://ht.ly/hHM530lbEu9"
"http://ht.ly/AysT30lbSJY  "
"http://198.12.88.178/~kekhosting/index/"
"http://198.12.88.178/~newappleco/MUFG/"
"http://198.12.88.178/~papimami/index32.html"
"https://mufg-auth-ssl.exposingmutualfunds.com/ "
"http://ht.ly/2wK430kHiCP"
"http://ht.ly/ikzr30kHfks"
"http://www.cr-mufg-jp.pro/selected/id"
"http://www.mufg-card-jp.xyz/selected/id"
"http://www.mufg-card-jp.top/selected/id"
"http://www.mufg-co-jp.xyz/selected/id"
"http://www.mufg-co-jp.shop/selected/id"
"http://www.mufg-co-jp.xyz/RegistUser/cojp_head_myj_toroku"
"http://www.mufg-co-jp.shop/RegistUser/cojp_head_myj_toroku"
"http://www.mufg-co-jp.store/selected/id"
"http://www.mufg-co-jp.store/RegistUser/cojp_head_myj_toroku"
"http://www.mufg-co-jp.tech/selected/id"
"http://www.mufg-co-jp.tech/RegistUser/cojp_head_myj_toroku"
"http://www.mufg-co-jp.club/selected/id"
"http://www.mufg-co-jp.club/RegistUser/cojp_head_myj_toroku"
"http://www.cr-mufg-jp.ink/selected/id"
"http://www.mufg-co-jp.online/RegistUser/cojp_head_myj_toroku"
"http://www.mufg-co-jp.online/selected/id"
"http://www.mufg-co-jp.info/selected/id"
"http://www.mufg-co-jp.info/RegistUser/cojp_head_myj_toroku"
"http://www.cr-mufg-jp.info/selected/id"
"http://www.cr-mufg-jp.kim/RegistUser/cojp_head_myj_toroku"
"http://www.cr-mufg-jp.shop/selected/id"
"http://118.184.13.176/selected/id"
"http://118.193.155.135/selected/id"
"http://118.193.160.178/selected/id"
"http://118.184.13.176/selected/id/"
"http://118.193.155.135/selected/id/"
"http://118.193.160.178/selected/id/"
"http://118.193.160.178/RegistUser/cojp_head_myj_toroku"
"http://www.mufg-co-jp.fun/selected/id"
"http://www.mufg-co-jp.fun/RegistUser/cojp_head_myj_toroku"
"http://www.mufg-co-jp.fun/inet/life/ninsyou/entry/top/4"
"http://www.mufg-co-jp.info/inet/life/ninsyou/entry/top/"
"https://apps2-mufgcard-secure-auth.readytoretirereview.com/index_pc.php"
"http://www.cr-mufg-jp.fun/selected/id"
"http://www.cr-mufg-jp.fun/RegistUser/cojp_head_myj_toroku"
"http://ht.ly/FpBM30kHgZU"
"http://www.cr-mufg-jp.wang/selected/id"
"http://www.cr-mufg-jp.wang/selected/id"
"http://www.cr-mufg-jp.mobi/selected/id"
"http://www.cr-mufg-jp.mobi/selected/id/"
"http://ht.ly/Y3TN30kUnc3"
"http://ht.ly/p2yw30kZXYR"
"http://ht.ly/pZ5n30kZW6D"
"http://ht.ly/kV3y30kUjXb"
"http://www.mufg-card-jp.top/RegistUser/cojp_head_myj_toroku"
"http://www.mufg-card-jp.online/inet/life/ninsyou/entry/top"
"https://www.sprechmanlaw.com/600.html"
"http://www.mufg-card-jp.online/RegistUser/cojp_head_myj_toroku"
"http://www.mufg-card-jp.shop/selected/id"
"http://rctools.bid"
"http://apps2-mufg-card-auth-ssl-login.contractorsalesgroup.com/index_pc.php"
"http://ht.ly/Qjyc30l0UCf"
"http://ht.ly/INoo30kHgfh"
"https://entry11-bk-muf-g-ssl-auth-japan.bigvalleygeneralstore.com/index_pc.php"
"http://ht.ly/2vOR30li1pr"
"http://195.110.59.209/inj/jp_jp.mufg.bk.applisp.app.php"
"http://ht.ly/Esv530li65T"
"https://host17.server.ae/~mnfugcom/2/"
"http://goweda.com/onl1n3sMuFG/"
"http://www.mufg-card-jp.tech/selected/id"
"http://ht.ly/ASLb30kAzc4"
"https://www2-mufg-auth-ssl-jp.retirementiincomgap.com/index_pc.php"
"http://ht.ly/2KUn30kKGIM"
"http://ht.ly/rau930kKFpj"
"https://host17.server.ae/~mnfugcom/MUFG/"
"http://theabbeycentre.org.uk/logs/MUFG/"
"https://sprechmanlaw.com/assetts/indexex.html"
"http://ht.ly/2YVP30kKGdP"
"http://ht.ly/NHGL30kHjGZ"
"http://138.201.249.88/~jpmitsun/MUFG/"
"http://ht.ly/1j3230kxkJX"
"http://ht.ly/bnHk30kxjQ3"
"http://ht.ly/J2wt30jWeKM"
"http://mufgabnk.com/"
"http://198.12.88.178/~redirect/.index.html"
"http://ht.ly/KI5l30jWeg4"
"https://mufge.com/MUFG/"
"http://198.12.88.178/~redirect/index2.html"
"https://mufge.com/MUFG1/"
"https://mufg-japan-online.moregivingwhileliving.com/login.php"
"http://ht.ly/Li2U30kxldP"
"http://sinofit.com.cn/uploads/jpn.html"
"https://www2-mufg-secured-auth-jp.homeequitywealth.com/index_pc.php"
"http://ht.ly/5vdA30jWcTx"
"http://198.12.88.178/~kekhosting/index1/"
"https://mitsubishi-ufj-financial.findmyincomegap.com/index_pc.php"
"http://ht.ly/2X7l30kThep"
"https://mitsubishi-ufj-mufg-financial.sevenpercentinterest.com/index_pc.php"
"http://ht.ly/d2Sv30kTlqF"
"http://owl.li/22QY30kAKt9"
"https://ufj-financial-group.findmyincomegap.com/index_pc.php"
"https://mitsubishi-ufj-mufg-financial.sevenpercentinterest.com/index_pc.php"
"https://mitsubishi-ufj-mufg-financial.7percentinterest.com/index_pc.php"
"http://ht.ly/xk2N30kALOF"
"http://ht.ly/o4XM30kAA8O"
"http://ht.ly/b3Od30kTepp"
"http://ht.ly/AdNQ30kANzV"
"https://cr-mufg-ufj-jp.marinadelreyparasailing.com/login.php"
"https://mufg-ufj-nicos-group.charlesoliverblog.com/index_pc.php"
"http://198.12.88.178/~applecojp/index1.html"
"http://owl.li/Q6QP30kAD4c"
"http://ht.ly/Ucd230kBJZB"
"http://ht.ly/vKKP30kBLbJ"
"http://ht.ly/NUiY30kAGHR"
"http://ht.ly/eOIg30kUrkr"
"http://ht.ly/Z0Fu30kUs8a"
"http://ht.ly/KgKE30kUibE"
"http://ht.ly/Xfcj30kUjAd"
"http://ht.ly/2gsM30kUov1"
"http://ht.ly/eOIg30kUrkr"
"http://ht.ly/81bN30kAIxf"
"http://ht.ly/t4VC30kAMs3"
"http://www.cr-mufg.tech/RegistUser/cojp_head_myj_toroku"
"http://www.cr-mufg.vip/inet/life/ninsyou/entry/top"
"http://www.cr-mufg.pro/inet/life/ninsyou/entry/top/4"
"http://www.cr-mufg.store/inet/life/ninsyou/entry/top/4"
"http://www.cr-mufg.red/inet/life/ninsyou/entry/top/4"
"http://www.cr-mufg.tech/inet/life/ninsyou/entry/top/4"
"http://www.cr-mufg.vip/RegistUser/cojp_head_myj_toroku"
"http://www.cr-mufg.pro/RegistUser/cojp_head_myj_toroku"
"http://www.cr-mufg.store/RegistUser/cojp_head_myj_toroku"
"http://www.cr-mufg.red/RegistUser/cojp_head_myj_toroku"
"http://ht.ly/shOG30kAxxE"
"https://mashopexpress.com/MUFG"
"http://www.cr-mufg.biz/selected/id"
"http://www.cr-mufg.shop/selected/id"
"http://ht.ly/mEki30kAPXd"
"http://www.cr-mufg-jp.site/RegistUser/cojp_head_myj_toroku"
"http://www.cr-mufg-jp.date/RegistUser/cojp_head_myj_toroku"
"http://www.cr-mufg-jp.online/RegistUser/cojp_head_myj_toroku"
"http://www.cr-mufg-jp.vip/RegistUser/cojp_head_myj_toroku"
"http://www.cr-mufg-jp.store/RegistUser/cojp_head_myj_toroku"
"http://www.cr-mufg-jp.vip/RegistUser/cojp_head_myj_toroku"
"http://www.cr-mufg-jp.win/RegistUser/cojp_head_myj_toroku"
"http://www.cr-mufg-jp.date/RegistUser/cojp_head_myj_toroku"
"http://www.cr-mufg-jp.red/RegistUser/cojp_head_myj_toroku"
"http://www.cr-mufg-jp.loan/RegistUser/cojp_head_myj_toroku"
"http://test-ufj.co.jp"
"http://www.freeblog.biz/wp-content/uploads/2017/13/"
"https://mufg-jpn-auth-ssl.thechuckoliverteam.com/index_pc.php"
"https://auth-ssl-login-secured.contractorsalesassociates.com/"
"https://www2-m-ufg-japan-secure-login-ssl-auth.trigllc.com"
"http://ow.ly/JMz630lk8WM"
"https://mitsubishi-ufj-financial.contractormarketingassociates.com"
"http://ht.ly/RbH730lknvW"
"http://ow.ly/2mHk30lk7ly"
"http://ht.ly/hzzp30lkmCq"
"http://www.mufg-com.biz/inet/life/ninsyou/entry/top"
"http://www.mufg-com.biz/RegistUser/cojp_head_myj_toroku"
